 25 60 36 20          ncells, nfaces, nnodes, nbcfaces (this is same partition as p5b, just to have 1 partition for all cells)
 0 1                  flags
 4 4 0                 nfcell(ic), nvcell(ic)
 4 4 0
 4 4 0
 4 4 0
 4 4 0
 4 4 0
 4 4 0
 4 4 0
 4 4 0
 4 4 0
 4 4 0
 4 4 0
 4 4 0
 4 4 0
 4 4 0
 4 4 0
 4 4 0
 4 4 0
 4 4 0
 4 4 0
 4 4 0
 4 4 0
 4 4 0
 4 4 0
 4 4 0
 9.000000e-07 1.000000e-07 4.000000e-14     xc(ic), yc(ic), volcell(ic)
 7.000000e-07 1.000000e-07 4.000000e-14
 5.000000e-07 1.000000e-07 4.000000e-14
 3.000000e-07 1.000000e-07 4.000000e-14
 9.999999e-08 1.000000e-07 4.000000e-14
 9.000000e-07 3.000000e-07 4.000000e-14
 7.000000e-07 3.000000e-07 4.000000e-14
 5.000000e-07 3.000000e-07 4.000000e-14
 3.000000e-07 3.000000e-07 4.000000e-14
 9.999999e-08 3.000000e-07 4.000000e-14
 9.000000e-07 5.000000e-07 4.000000e-14
 7.000000e-07 5.000000e-07 4.000000e-14
 5.000000e-07 5.000000e-07 4.000001e-14
 3.000000e-07 5.000000e-07 4.000000e-14
 9.999999e-08 5.000000e-07 4.000000e-14
 9.000000e-07 7.000000e-07 4.000000e-14
 7.000000e-07 7.000000e-07 4.000000e-14
 5.000000e-07 7.000000e-07 4.000000e-14
 3.000000e-07 7.000000e-07 4.000000e-14
 9.999999e-08 7.000000e-07 4.000000e-14
 9.000000e-07 9.000000e-07 4.000000e-14
 7.000000e-07 9.000000e-07 4.000000e-14
 5.000000e-07 9.000000e-07 4.000000e-14
 3.000000e-07 9.000000e-07 4.000000e-14
 9.999999e-08 9.000000e-07 4.000000e-14
 9.000000e-07 2.000000e-07 2.000000e-07 0 1      xf(if), yf(if), areaf(if), vecfx(if), vecfy(if)
 8.000000e-07 1.000000e-07 2.000000e-07 -1 0
 7.000000e-07 2.000000e-07 2.000000e-07 0 1
 6.000000e-07 1.000000e-07 2.000000e-07 -1 0
 5.000000e-07 2.000000e-07 2.000000e-07 0 1
 4.000000e-07 1.000000e-07 2.000000e-07 -1 0
 3.000000e-07 2.000000e-07 2.000000e-07 0 1
 2.000000e-07 1.000000e-07 2.000000e-07 -1 0
 9.999999e-08 2.000000e-07 2.000000e-07 0 1
 9.000000e-07 4.000000e-07 2.000000e-07 0 1
 8.000000e-07 3.000000e-07 2.000000e-07 -1 0
 7.000000e-07 4.000000e-07 2.000000e-07 0 1
 6.000000e-07 3.000000e-07 2.000000e-07 -1 0
 5.000000e-07 4.000000e-07 2.000000e-07 0 1
 4.000000e-07 3.000000e-07 2.000000e-07 -1 0
 3.000000e-07 4.000000e-07 2.000000e-07 0 1
 2.000000e-07 3.000000e-07 2.000000e-07 -1 0
 9.999999e-08 4.000000e-07 2.000000e-07 0 1
 9.000000e-07 6.000000e-07 2.000000e-07 0 1
 8.000000e-07 5.000000e-07 2.000000e-07 -1 0
 7.000000e-07 6.000000e-07 2.000000e-07 0 1
 6.000000e-07 5.000000e-07 2.000000e-07 -1 0
 5.000000e-07 6.000000e-07 2.000000e-07 0 1
 4.000000e-07 5.000000e-07 2.000000e-07 -1 0
 3.000000e-07 6.000000e-07 2.000000e-07 0 1
 2.000000e-07 5.000000e-07 2.000000e-07 -1 0
 9.999999e-08 6.000000e-07 2.000000e-07 0 1
 9.000000e-07 8.000000e-07 2.000000e-07 0 1
 8.000000e-07 7.000000e-07 2.000000e-07 -1 0
 7.000000e-07 8.000000e-07 2.000000e-07 0 1
 6.000000e-07 7.000000e-07 2.000000e-07 -1 0
 5.000000e-07 8.000000e-07 2.000000e-07 0 1
 4.000000e-07 7.000000e-07 2.000000e-07 -1 0
 3.000000e-07 8.000000e-07 2.000000e-07 0 1
 2.000000e-07 7.000000e-07 2.000000e-07 -1 0
 9.999999e-08 8.000000e-07 2.000000e-07 0 1
 8.000000e-07 9.000000e-07 2.000000e-07 -1 0
 6.000000e-07 9.000000e-07 2.000000e-07 -1 0
 4.000000e-07 9.000000e-07 2.000000e-07 -1 0
 2.000000e-07 9.000000e-07 2.000000e-07 -1 0
 9.000000e-07 0 2.000000e-07 0 -1
 7.000000e-07 0 2.000000e-07 0 -1
 5.000000e-07 0 2.000000e-07 0 -1
 3.000000e-07 0 2.000000e-07 0 -1
 9.999999e-08 0 2.000000e-07 0 -1
 9.000000e-07 1.000000e-06 2.000000e-07 0 1
 7.000000e-07 1.000000e-06 2.000000e-07 0 1
 5.000000e-07 1.000000e-06 2.000000e-07 0 1
 3.000000e-07 1.000000e-06 2.000000e-07 0 1
 9.999999e-08 1.000000e-06 2.000000e-07 0 1
 0 1.000000e-07 2.000000e-07 -1 0
 0 3.000000e-07 2.000000e-07 -1 0
 0 5.000000e-07 2.000000e-07 -1 0
 0 7.000000e-07 2.000000e-07 -1 0
 0 9.000000e-07 2.000000e-07 -1 0
 1.000000e-06 1.000000e-07 2.000000e-07 1 0
 1.000000e-06 3.000000e-07 2.000000e-07 1 0
 1.000000e-06 5.000000e-07 2.000000e-07 1 0
 1.000000e-06 7.000000e-07 2.000000e-07 1 0
 1.000000e-06 9.000000e-07 2.000000e-07 1 0
 1.000000e-06 0                              xv(iv), yv(iv)
 1.000000e-06 2.000000e-07
 8.000000e-07 0
 8.000000e-07 2.000000e-07
 6.000000e-07 0
 6.000000e-07 2.000000e-07
 4.000000e-07 0
 4.000000e-07 2.000000e-07
 2.000000e-07 0
 2.000000e-07 2.000000e-07
 0 0
 0 2.000000e-07
 1.000000e-06 4.000000e-07
 8.000000e-07 4.000000e-07
 6.000000e-07 4.000000e-07
 4.000000e-07 4.000000e-07
 2.000000e-07 4.000000e-07
 0 4.000000e-07
 1.000000e-06 6.000000e-07
 8.000000e-07 6.000000e-07
 6.000000e-07 6.000000e-07
 4.000000e-07 6.000000e-07
 2.000000e-07 6.000000e-07
 0 6.000000e-07
 1.000000e-06 8.000000e-07
 8.000000e-07 8.000000e-07
 6.000000e-07 8.000000e-07
 4.000000e-07 8.000000e-07
 2.000000e-07 8.000000e-07
 0 8.000000e-07
 1.000000e-06 1.000000e-06
 8.000000e-07 1.000000e-06
 6.000000e-07 1.000000e-06
 4.000000e-07 1.000000e-06
 2.000000e-07 1.000000e-06
 0 1.000000e-06
 1 2 41 56                   lcf(ic, m=1:nfcel(ic))
 2 3 4 42
 4 5 6 43
 6 7 8 44
 8 9 45 51
 1 10 11 57
 3 11 12 13
 5 13 14 15
 7 15 16 17
 9 17 18 52
 10 19 20 58
 12 20 21 22
 14 22 23 24
 16 24 25 26
 18 26 27 53
 19 28 29 59
 21 29 30 31
 23 31 32 33
 25 33 34 35
 27 35 36 54
 28 37 46 60
 30 37 38 47
 32 38 39 48
 34 39 40 49
 36 40 50 55
 2 4 3 1      lcv(ic, m=1:nvcell(ic))
 4 6 5 3
 6 8 7 5
 8 10 9 7
 10 12 11 9
 2 13 14 4
 4 14 15 6
 6 15 16 8
 8 16 17 10
 10 17 18 12
 13 19 20 14
 14 20 21 15
 15 21 22 16
 16 22 23 17
 17 23 24 18
 19 25 26 20
 20 26 27 21
 21 27 28 22
 22 28 29 23 
 23 29 30 24
 25 26 32 31
 26 32 33 27 
 27 33 34 28
 28 34 35 29
 29 35 36 30
 1 6          lfc(if,1), lfc(if,2) !If boundary face, then lfc(if,1)=lfc(if,2)
 1 2
 2 7
 2 3
 3 8
 3 4
 4 9
 4 5
 5 10
 6 11
 6 7
 7 12
 7 8
 8 13
 8 9
 9 14
 9 10
 10 15
 11 16
 11 12
 12 17
 12 13
 13 18
 13 14
 14 19
 14 15
 15 20
 16 21
 16 17
 17 22
 17 18
 18 23
 18 19
 19 24
 19 20
 20 25
 21 22
 22 23
 23 24
 24 25
 1 1
 2 2
 3 3
 4 4
 5 5
 21 21
 22 22
 23 23
 24 24
 25 25
 5 5
 10 10
 15 15
 20 20
 25 25
 1 1
 6 6
 11 11
 16 16
 21 21
 2      nvface(if) !number of vertices of face if
 2
 2
 2
 2
 2
 2
 2
 2
 2
 2
 2
 2
 2
 2
 2
 2
 2
 2
 2
 2
 2
 2
 2
 2
 2
 2
 2
 2
 2
 2
 2
 2
 2
 2
 2
 2
 2
 2
 2
 2
 2
 2
 2
 2
 2
 2
 2
 2
 2
 2
 2
 2
 2
 2
 2
 2
 2
 2
 2
 2 4        lfv(if, m=1:nvface(if))
 4 3
 4 6
 6 5
 6 8
 8 7
 8 10
 10 9
 10 12
 13 14
 14 4
 14 15
 15 6
 15 16
 16 8
 16 17
 17 10
 17 18
 19 20
 20 14
 20 21
 21 15
 21 22
 22 16
 22 23
 23 17
 23 24
 25 26
 26 20
 26 27
 27 21
 27 28
 28 22
 28 29
 29 23
 29 30
 32 26
 33 27
 34 28
 35 29
 3 1
 5 3
 7 5
 9 7
 11 9
 31 32
 32 33
 33 34
 34 35
 35 36
 12 11
 18 12
 24 18
 30 24
 36 30
 1 2
 2 13
 13 19
 19 25
 25 31
 6 2 1 1          lcc(ic, m=1:nfcell(ic)) !cell sharing boundary face is itself
 1 7 3 2
 2 8 4 3
 3 9 5 4
 4 10 5 5
 1 11 7 6
 2 6 12 8
 3 7 13 9
 4 8 14 10
 5 9 15 10
 6 16 12 11
 7 11 17 13
 8 12 18 14
 9 13 19 15
 10 14 20 15
 11 21 17 16
 12 16 22 18
 13 17 23 19
 14 18 24 20
 15 19 25 20
 16 22 21 21
 17 21 23 22
 18 22 24 23
 19 23 25 24
 20 24 25 25
 4               nbc_patches
 5               no_f_patch(1)
 310.000000      phibc(1:nbcfaces)
 310.000000 
 310.000000 
 310.000000 
 310.000000 
 5               no_f_patch(2)
 300.000000      phibc()
 300.000000 
 300.000000 
 300.000000 
 300.000000 
 5 
 300.000000 
 300.000000 
 300.000000 
 300.000000 
 300.000000 
 5 
 300.000000 
 300.000000 
 300.000000 
 300.000000 
 300.000000 
 0 0             bface(1:nfaces), f_to_bf(1:nfaces)
 0 0
 0 0
 0 0
 0 0
 0 0
 0 0
 0 0
 0 0
 0 0
 0 0
 0 0
 0 0
 0 0
 0 0
 0 0
 0 0
 0 0
 0 0
 0 0
 0 0
 0 0
 0 0
 0 0
 0 0
 0 0
 0 0
 0 0
 0 0
 0 0
 0 0
 0 0
 0 0
 0 0
 0 0
 0 0
 0 0
 0 0
 0 0
 0 0
 1 1
 1 2
 1 3
 1 4
 1 5
 1 6
 1 7
 1 8
 1 9
 1 10
 1 11
 1 12
 1 13
 1 14
 1 15
 1 16
 1 17
 1 18
 1 19
 1 20
3 41 1     bctype(1:nbcfaces), bf_to_f(1:nbcfaces), bf_to_c(1:nbcfaces)
3 42 2
3 43 3
3 44 4
3 45 5
3 46 21
3 47 22
3 48 23
3 49 24
3 50 25
3 51 5
3 52 10
3 53 15
3 54 20
3 55 25
3 56 1
3 57 6
3 58 11
3 59 16
3 60 21
 1        cell_type(1:ncells)
 1 
 1 
 1 
 1 
 1 
 1 
 1 
 1 
 1 
 1 
 1 
 1 
 1 
 1 
 1 
 1 
 1 
 1 
 1 
 1 
 1 
 1 
 1 
 1 
 2        material_type(1:ncells)
 2 
 2 
 2 
 2 
 2 
 2 
 2 
 2 
 2 
 2 
 2 
 2 
 2 
 2 
 2 
 2 
 2 
 2 
 2 
 2 
 2 
 2 
 2 
 2  
0 // axis_check (only for running with new code of Siddharth, not affected by old code)